Date and Time of Experiment: 16-Mar-2025 00:01:58
Experiment Folder: 2698
Algorithm: mQTRK
Dims: l = 5, p = 4, n = 10, m = 25
Trials: 150, Iters: 2000
Corr. dist. = 100, 20
beta-row = 0.20000
beta-row = 0.40000
beta-row = 0.80000
beta-row = 1.00000
beta = 0.02500
beta = 0.05000
beta = 0.07500
q = 1.00000
q = 0.97500
q = 0.95000
q = 0.92500
q = 0.90000
Wall-clock time (in sec):4521.038
