Date and Time of Experiment: 15-Mar-2025 22:01:35
Experiment Folder: 7866
Algorithm: QTRK
Dims: l = 5, p = 4, n = 10, m = 25
Trials: 150, Iters: 2000
Corr. dist. = 100, 20
beta-row = 0.20000
beta-row = 0.40000
beta-row = 0.80000
beta = 0.02500
beta = 0.07500
beta = 0.10000
q = 1.00000
q = 0.97500
q = 0.92500
q = 0.90000
Wall-clock time (in sec):2958.975
